market,link,price,name,date,datetime,stock
hareruya2,https://www.hareruya2.com/product/19400,900,ウオチルドンV(SR,2022-11-20,2022-11-20 07:14:43,5
