market,link,price,name,date,datetime,stock
torecolo,/shop/g/g035-070-S6H-B/,77,【ポケカ】Ｒ◇サーナ,2022-11-08,2022-11-08 07:04:02,19
