market,link,price,name,date,datetime,stock
magi,/items/1408605907,308700,〔PSA10鑑定済〕,2022-11-27,2022-11-27 07:42:56,1
magi,/items/1787351577,268000,PSA10  ブラッ,2022-11-27,2022-11-27 07:42:56,1
magi,/items/1765865964,3300,ブラッキーVMAX ,2022-11-27,2022-11-27 07:42:56,1
magi,/items/673807230,247500,【！お値下げ&告知！,2022-11-27,2022-11-27 07:42:56,1
magi,/items/1731125707,200000,ブラッキーVMAX ,2022-11-27,2022-11-27 07:42:56,1
magi,/items/447210391,135000,ブラッキーVMAX ,2022-11-27,2022-11-27 07:42:56,1
magi,/items/1636577163,144900,〔状態A-〕ブラッキ,2022-11-27,2022-11-27 07:42:56,1
magi,/items/643222588,197400,ブラッキーVMAX(,2022-11-27,2022-11-27 07:42:56,1
magi,/items/1736820975,168000,ブラッキーVMAX ,2022-11-27,2022-11-27 07:42:56,1
magi,/items/474025861,175000,ブラッキーVMAX ,2022-11-27,2022-11-27 07:42:56,1
magi,/items/1939101319,1222222,ポケカ【美品】ブイズ,2022-11-27,2022-11-27 07:42:56,1
magi,/items/536338640,248000,ポケカ【極美品】再販,2022-11-27,2022-11-27 07:42:56,1
magi,/items/775044801,373000,ブラッキーVMAX ,2022-11-27,2022-11-27 07:42:56,1
magi,/items/791660290,230000,ポケカ　版ブラッキー,2022-11-27,2022-11-27 07:42:56,1
magi,/items/156210785,210000,ブラッキーVMAX ,2022-11-27,2022-11-27 07:42:56,1
magi,/items/474025861,175000,ブラッキーVMAX ,2022-11-27,2022-11-27 07:42:56,1
