market,link,price,name,date,datetime,stock
hareruya2,https://www.hareruya2.com/product/20781,50,メルメタル(-){鋼,2022-12-27,2022-12-27 08:51:53,30
