market,link,price,name,date,datetime,stock
cardrush,https://www.cardrush-pokemon.jp/product/22790,80,コルニの気合い152,2022-12-06,2022-12-06 10:11:15,1
cardrush,https://www.cardrush-pokemon.jp/product/22931,120,コルニの気合い152,2022-12-06,2022-12-06 10:11:15,101
cardrush,https://www.cardrush-pokemon.jp/product/32971,110,コルニの気合い152,2022-12-06,2022-12-06 10:11:15,0
