market,link,price,name,date,datetime,stock
cardrush,https://www.cardrush-pokemon.jp/product/22487,80,ザマゼンタV017/,2022-12-27,2022-12-27 08:52:18,0
