market,link,price,name,date,datetime,stock
cardrush,https://www.cardrush-pokemon.jp/product/22693,80,モココ052/184,2022-11-27,2022-11-27 08:53:11,49
cardrush,https://www.cardrush-pokemon.jp/product/22864,120,モココ052/184,2022-11-27,2022-11-27 08:53:11,281
cardrush,https://www.cardrush-pokemon.jp/product/32919,110,モココ052/184,2022-11-27,2022-11-27 08:53:11,6
