market,link,price,name,date,datetime,stock
cardrush,https://www.cardrush-pokemon.jp/product/20049,30,エルレイド040/0,2023-01-04,2023-01-04 06:57:11,64
