market,link,price,name,date,datetime,stock
torecolo,/shop/g/g007-053-SH-B/,44,【ポケカ】ＳＳ◇ロコ,2022-11-24,2022-11-24 07:40:57,3
