market,link,price,name,date,datetime,stock
hareruya2,https://www.hareruya2.com/product/21373,3000,モルペコV-UNIO,2022-11-27,2022-11-27 09:17:53,5
