market,link,price,name,date,datetime,stock
hareruya2,https://www.hareruya2.com/product/19035,50,テッポウオ(C){水,2022-12-01,2022-12-01 06:25:06,0
