market,link,price,name,date,datetime,stock
cardrush,https://www.cardrush-pokemon.jp/product/23051,680,ヤロー275/184,2022-12-27,2022-12-27 09:36:03,69
cardrush,https://www.cardrush-pokemon.jp/product/23142,580,ヤロー275/184,2022-12-27,2022-12-27 09:36:03,42
cardrush,https://www.cardrush-pokemon.jp/product/34350,380,ヤロー275/184,2022-12-27,2022-12-27 09:36:03,0
