market,link,price,name,date,datetime,stock
torecolo,/shop/g/g014-067-S7D-B/,14,【ポケカ】Ｃ◇シンボ,2023-01-08,2023-01-08 07:56:06,21
