market,link,price,name,date,datetime,stock
cardrush,https://www.cardrush-pokemon.jp/product/22778,80,やまびこホーン140,2022-12-26,2022-12-26 09:48:50,169
cardrush,https://www.cardrush-pokemon.jp/product/22919,120,やまびこホーン140,2022-12-26,2022-12-26 09:48:50,14
cardrush,https://www.cardrush-pokemon.jp/product/32959,110,やまびこホーン140,2022-12-26,2022-12-26 09:48:50,0
