market,link,price,name,date,datetime,stock
cardrush,https://www.cardrush-pokemon.jp/product/18250,2980,いちげきエネルギー0,2022-11-22,2022-11-22 06:22:56,27
cardrush,https://www.cardrush-pokemon.jp/product/31197,2480,いちげきエネルギー0,2022-11-22,2022-11-22 06:22:56,1
cardrush,https://www.cardrush-pokemon.jp/product/18355,1980,いちげきエネルギー0,2022-11-22,2022-11-22 06:22:56,0
cardrush,https://www.cardrush-pokemon.jp/product/18420,1280,いちげきエネルギー0,2022-11-22,2022-11-22 06:22:56,0
