market,link,price,name,date,datetime,stock
cardrush,https://www.cardrush-pokemon.jp/product/18081,80,オコリザル029/0,2022-11-30,2022-11-30 06:13:26,38
